m_DM[GeV] sigmav[cm^3/s]
1.0 1.0
1.059560179277616 1.2999044600705277e-23
1.1226677735108137 1.2824186842098637e-23
1.1895340673703196 1.2628531117876931e-23
1.2603829296797275 1.2451171759325112e-23
1.3354515629298989 1.2299528271692913e-23
1.414991297434576 1.2154377914039963e-23
1.4992684327860457 1.2028502368512439e-23
1.5885651294280527 1.186432282376556e-23
1.6831803533309568 1.1703342100937485e-23
1.7834308769319096 1.1544827310819083e-23
1.88965233969121 1.1394052259644417e-23
2.0022003718155847 1.1265629202182836e-23
2.1214517849106302 1.1127469058673727e-23
2.2478058335487257 1.0958004563000516e-23
2.3816855519761586 1.0783347626592604e-23
2.5235391704347663 1.0656992003809557e-23
2.673841615839947 1.049974626590631e-23
2.8330961018393244 1.0384420944678033e-23
3.0018358135755894 1.0213284283014811e-23
3.18062569279412 1.0081134947598516e-23
3.370064329271929 9.947406332335073e-24
3.5707859649004634 9.812512216415437e-24
3.78346261713193 9.667558304286575e-24
4.008806328898466 9.524727737196439e-24
4.2475715525368996 9.423037274143148e-24
4.500557675700499 9.299262805283142e-24
4.768611697714471 9.173587644596406e-24
5.052631065335681 6.156282948191026e-27
5.353566677410726 9.562302227306359e-28
5.672426068491979 1.2120599352313115e-27
6.010276782070384 1.5105175402460527e-27
6.368249944718588 1.8514877766365847e-27
6.747544053110695 2.2257658512006916e-27
7.149428986597579 2.630531490554204e-27
7.575250258771915 3.075997117821318e-27
8.026433522257175 3.4844524664375455e-27
8.50448934180268 3.548228147536501e-27
9.011018251665021 3.48867221133768e-27
9.54771611420806 3.431838204755774e-27
10.116379797662075 3.250205053343802e-27
10.71891319205128 2.5941198508346935e-27
11.357333583431057 2.0659192421493365e-27
12.033778407775898 1.695368902697212e-27
12.750512407130135 1.4087902655594788e-27
13.509935211980272 1.2345591117281152e-27
14.314589375234792 1.0958597855931612e-27
15.167168884709232 9.686851135038513e-28
16.070528182616393 8.747518561348246e-28
17.027691722259004 8.170777216769402e-28
18.041864093920726 7.716094180822152e-28
19.116440753857027 7.316614414048375e-28
20.255019392306675 7.00037223556396e-28
21.461411978584046 6.95624165216086e-28
22.739657523579286 6.952242839589781e-28
24.094035602395255 6.9528338669375135e-28
25.52908068239518 7.410894888062326e-28
27.049597304631355 8.477896580221082e-28
28.660676169482517 9.753497967056692e-28
30.36771118035459 1.1495569013676939e-27
32.17641750250737 1.3328949370663476e-27
34.09285069746813 1.4550266658028279e-27
36.12342699709432 1.575544575748295e-27
38.27494478516313 1.692830258575279e-27
40.5546073584083 1.8252096756406447e-27
42.97004704320842 1.8634749058013047e-27
45.5293507486695 1.898654269566496e-27
48.241087041653714 1.9386637638144836e-27
51.11433483440168 2.1597518769674858e-27
54.158713780794734 2.8286193733607824e-27
57.384416483023955 3.7086186440089716e-27
60.80224261649424 4.9722558909191295e-27
64.42363508721374 5.8699504588198605e-27
68.26071834272389 5.919773257844994e-27
72.32633896483537 5.91085628236577e-27
76.63410868007459 5.928063362072492e-27
81.19844993184013 6.2214522526993615e-27
86.03464416684504 7.081000205626049e-27
91.15888299750823 8.121945296091705e-27
96.58832241158703 9.376110936563459e-27
102.34114021054538 1.0508101433729507e-26
108.43659686896109 1.1634512752314185e-26
114.89510001873097 1.2876036937226859e-26
121.7382727739662 1.4521652424258264e-26
128.98902612533095 1.6007493716483335e-26
136.67163564620074 1.7669760540497828e-26
144.81182276745346 1.9409219471764882e-26
153.43684089300132 2.1849081648957223e-26
162.5755666443795 2.337319863711091e-26
172.25859653987874 2.653928059320043e-26
182.51834943190443 2.946245370344111e-26
193.38917504552322 3.2978993636719405e-26
204.90746898158483 3.6811295774451514e-26
217.11179456945052 4.3495784593400627e-26
230.0430119772919 5.2517217747758e-26
243.74441501222216 6.108473183924432e-26
258.2618760682677 7.11668628916138e-26
273.6439997074672 7.954255143566831e-26
289.9422853882878 8.948182016639885e-26
307.21129988617594 9.963081474657215e-26
325.508859983506 1.0973837120315164e-25
344.896226040576 1.1756202130048785e-25
365.4383070957258 1.2966158769573528e-25
387.20387818125573 1.406401288796009e-25
410.26581058271944 1.5366594620529357e-25
434.7013158125026 1.6655284288018088e-25
460.5922041145108 1.8650513709433951e-25
488.02515836544336 2.0534411906135511e-25
517.092024289676 2.1783769467484656e-25
547.8901179593945 2.2559546293413366e-25
580.5225516094902 2.351285651626027e-25
615.0985788580505 2.448079049186113e-25
651.7339604882427 2.62926160134612e-25
690.5513520162331 2.8948020122350817e-25
731.68071434272 3.1831696564362096e-25
775.2597488629465 3.5332447639071443e-25
821.434358491943 3.837782707752821e-25
870.3591361485165 4.159029869504842e-25
922.1978823334332 4.4817588233939065e-25
977.1241535346502 4.871288533588038e-25
1035.3218432956626 5.113022956175066e-25
1096.985797892384 5.23653592372192e-25
1162.322468679853 5.373998826574056e-25
1231.550603292826 5.502417985570106e-25
1304.9019780144029 6.56874170880388e-25
1382.6221737646563 8.45065647570503e-25
1464.9713983072863 1.1206334158356792e-24
1552.225357427048 1.4338239795761125e-24
1644.6761779946644 1.4663267154263219e-24
1742.6333860096508 1.2800252852914504e-24
1846.4249428955445 1.1348288997986425e-24
1956.3983435170649 1.0078162837202624e-24
2072.921779595372 4.562608773201248e-24
2196.385372416547 4.57505267285703e-24
2327.2024789604097 4.452981578888102e-24
2465.811075822604 4.332824957806489e-24
2612.675225563329 4.215910571918049e-24
2768.2866303920664 4.091951322897455e-24
2933.1662783900456 3.969380411829913e-24
3107.866187782014 3.880076587415173e-24
3292.9712550971512 3.804815564936764e-24
3489.1012134067737 3.725643770858887e-24
3696.9127071950284 3.63165344832111e-24
3917.1014908092607 3.585862481524261e-24
4150.404757850477 3.676798224110335e-24
4397.603609302721 3.80166369150953e-24
4659.525668664682 4.008253761098316e-24
4937.047852839004 4.196537922946722e-24
5231.099308056264 4.431715982096792e-24
5542.664520663107 4.657174350297169e-24
5872.7866131894825 4.860851081079415e-24
6222.570836730231 5.043622245884395e-24
6593.188271333548 5.10841564809964e-24
6985.879746785249 5.162459170504005e-24
7401.959996915644 5.1926508951997025e-24
7842.822061337682 5.2274533050996674e-24
8309.941949353395 5.273588181745015e-24
8804.883581643464 5.324762995862867e-24
9329.304026284686 5.381337064671588e-24
9884.959046625587 5.441684861467414e-24
10473.708979594508 5.526150982505766e-24
11097.524964120721 5.6475134832882785e-24
11758.495540521582 5.7721042264705195e-24
12458.833642950081 5.9014833178838035e-24
13200.884008314195 6.035334318871369e-24
13987.131026472387 6.188629276607718e-24
14820.2070579886 6.3458178619089286e-24
15702.901247293776 6.5495427602840876e-24
16638.168860761307 6.764310063921685e-24
17629.14118095948 6.916126106080226e-24
18679.135990207847 7.080796917630252e-24
19791.668678535574 7.277270272125506e-24
20970.46401323235 7.498798974937266e-24
22219.468609395237 7.742170194850158e-24
23542.864143224204 8.01149609613815e-24
24945.081352303165 8.233018430221665e-24
26430.814869741083 8.49261246383705e-24
28005.03894183631 8.781357740749435e-24
29673.024081888725 9.135267231050612e-24
31440.354715915 9.468600387903609e-24
33312.94787934677 9.836959044769927e-24
35297.0730273065 1.0283274174213571e-23
37399.373024788016 1.0716998236033808e-23
39626.88638701478 1.1251760887692764e-23
41987.07084443914 1.1731039166886048e-23
44487.82831127585 1.2346122093691075e-23
47137.53134116729 1.2854566325594937e-23
49945.0511585514 1.3529030703582002e-23
52919.78735958447 1.4150711338853418e-23
56071.69938205458 1.4931126779771656e-23
59411.3398496504 1.560319200723992e-23
62949.88990221888 1.6457477179282197e-23
66699.19663030129 1.7216220382878352e-23
70671.81273927492 1.816105995223979e-23
74881.03857590031 1.8974987405693745e-23
79340.96665797492 2.0055870666918583e-23
84066.52885618334 2.1093445984289907e-23
89073.5463861044 2.22605454349183e-23
94378.7827777539 2.3342324930608118e-23
100000.0 1.0